.Random.seed <-
c(403L, 10L, 7146572L, -1393146865L, -1125650619L, -1497855748L, 
-427100334L, 972503245L, 2039998599L, -977437842L, 979561800L, 
1151433035L, -1042764631L, -1678176776L, -1458186970L, -268597695L, 
2004455379L, 573572482L, 610937268L, -1438485193L, 1367392301L, 
-685241020L, 641862250L, 837231829L, 1483346543L, 720697206L, 
396581024L, -390491805L, -1337310719L, -494808720L, 1433317646L, 
2005263225L, -878859509L, -423603142L, -781339844L, -686888833L, 
-2079355947L, -2055707156L, 580446018L, -1887352675L, 1157402903L, 
-232486786L, 528162872L, -5023973L, 1024054393L, -2137195320L, 
-1435923210L, 123366705L, 1570721123L, -369029326L, -637015932L, 
-1013115705L, -1152346211L, -503577836L, -1442188870L, 1462994949L, 
1675124191L, -1452896154L, 2045353968L, -1423853293L, -1490762063L, 
1293283680L, -1175918850L, -1837432183L, -1972101701L, -1769437302L, 
1573031532L, 635080687L, 2029914149L, -1945720612L, 778538674L, 
-616095315L, -686619289L, -359263602L, -1020101784L, 787235691L, 
513580297L, -384535656L, 1705198278L, 195086369L, -576561997L, 
-1268163038L, -921812972L, 1035265175L, -194195827L, -497451100L, 
2100609418L, -1707237899L, 1127133263L, -1054570666L, -1230062080L, 
-1033212093L, 1382475489L, -1963744176L, -982963026L, -1906141095L, 
-1074947989L, 421789146L, -1745820004L, -1426081633L, -1967312139L, 
-88838260L, -290210206L, 1227399741L, 1150938295L, -1967426722L, 
-9709928L, 1665013243L, 1253509017L, 194211880L, 386152662L, 
-300401327L, -1002877949L, 326439826L, 911180068L, 1341011943L, 
-1022833603L, 1731197620L, 274241818L, 1984887397L, -1140019457L, 
-826084474L, -1697245936L, -467448397L, 2036854353L, 1301204480L, 
831883998L, -1595963095L, -894495525L, 1945777130L, 1194943372L, 
2031215823L, 285936773L, -1320483012L, 758429202L, 1877415181L, 
-902742457L, 633914414L, -1691080312L, 99078283L, 406596201L, 
-1182861768L, -752873754L, 2055268993L, -2142472685L, 558899650L, 
-1659483532L, -642503561L, 1287230829L, -124917244L, -1393604310L, 
-1237705067L, -1453640401L, 555044918L, -1947761568L, 177597091L, 
1902804417L, -1499735632L, -936179506L, -491112903L, -1216288693L, 
-1499235846L, 674182396L, 886790463L, 454915605L, -1450932948L, 
-724392446L, 1058872541L, -2098059305L, 1435185854L, 232162552L, 
56662747L, 1451745593L, 614589576L, 1116144694L, 1794482289L, 
1057764003L, 438732786L, -259003580L, 1161126919L, 882295261L, 
1692180180L, -740834822L, -620958395L, -2048681569L, 1855769382L, 
1495413680L, -150831021L, 251313009L, -1012028768L, 2120416830L, 
539276617L, 247114747L, -1352544310L, -2130878164L, -246186705L, 
313975781L, -30221668L, -1167958286L, -485003411L, 616269991L, 
1501366990L, 401840168L, -214334421L, -1392859575L, -1235529896L, 
-1249285626L, 72356833L, -122179213L, -2065939998L, -1709509292L, 
1610107991L, 511160397L, 1319842788L, 818639306L, 1209677877L, 
637359759L, -1127266410L, 615181120L, -1157560829L, -1172292575L, 
944631568L, 1343800558L, -1586443111L, 1295124779L, -1587240934L, 
-1750328612L, -717190433L, -142830411L, 1057280340L, 820424936L, 
-1460006662L, 510740176L, -53317332L, -20344588L, 820759954L, 
399837536L, 1934673932L, -738622752L, -733119902L, 2034365096L, 
-421746100L, 700997500L, 2064205106L, -2135402896L, 1887867716L, 
1924474840L, 722851706L, 1556784688L, 46749628L, -1646553516L, 
1497964610L, -686542688L, 77534908L, 887937488L, -1174162590L, 
1414673128L, 474833100L, -610631172L, -2021580302L, 254413440L, 
-1957413388L, 890840712L, -1413013702L, 1416541008L, 1400269932L, 
852308372L, 1473287250L, 820347360L, 1732775116L, 562857120L, 
130213250L, 1102022888L, -541804820L, -966392516L, 934911090L, 
2043541616L, -999673820L, 268647480L, -2094960870L, 1302162640L, 
-281116868L, -2147166316L, 879772546L, 1776691648L, 437116476L, 
616891792L, -2094539230L, -2091883256L, -1045176692L, 1881689884L, 
-1146814318L, 798513536L, 2110101012L, -424243416L, 391432762L, 
213261776L, 404515180L, 294871988L, -1004799982L, 1125664224L, 
-565217332L, -1265663776L, 1000847394L, 1182150952L, 297799180L, 
-1717778628L, -1155615758L, 567479024L, -303264188L, -1193995688L, 
-1434403014L, 1300600304L, 1980094140L, 143030548L, 1292800706L, 
203809888L, -383405188L, 1156040656L, 175780130L, 1311488680L, 
-1569465460L, 1898743996L, -486121678L, -1452512704L, -976315212L, 
831836744L, -592595526L, 1792442896L, -526441748L, -1441103532L, 
713482514L, 1132957088L, -1869606196L, -1008804256L, 570865602L, 
-570288344L, 671322028L, 1676251964L, -729388686L, -1995105488L, 
1928863012L, -485135560L, -1067954470L, -14497904L, 2012966652L, 
-1500742764L, -258240446L, 1438881024L, -1563777988L, 672063824L, 
335855778L, -1001942712L, 94013196L, 944014044L, -195584686L, 
-1082551168L, 796053588L, -259936280L, 1515120890L, 1347607376L, 
404234028L, -193590924L, -984937582L, -1280468896L, -944800372L, 
-2092623008L, 650574306L, 1599222696L, -866749236L, -1816809476L, 
-51051086L, -950446608L, -1924265020L, 319690072L, 1817426298L, 
173810608L, -1923909188L, 770844756L, -398309438L, -415633376L, 
-563959620L, -1202372016L, 1640522722L, 1424982120L, -1680837556L, 
223201532L, -1207727118L, 1135315200L, 666235252L, -850134008L, 
1183559610L, 1141178832L, -1451578388L, -802975340L, -1428925998L, 
-1672724128L, 1267810124L, -1111140064L, 291860354L, -573595928L, 
2010943724L, -2042473412L, 977005426L, -1632354704L, -1598073820L, 
-1407399112L, 1838394522L, -1057475888L, -982384452L, 220597908L, 
-1705957758L, -2090796864L, 210940732L, 2069904528L, 1516183074L, 
234389512L, 791067916L, -144089956L, 1117978130L, 934010752L, 
-345321964L, 1674504744L, 1408861498L, 479713744L, -1247243156L, 
106142004L, 1268008594L, -998216864L, 304046924L, 685529056L, 
-1513207902L, 1609508776L, -2081788532L, -1050564420L, -1301157518L, 
1452897520L, -659038140L, -2058661544L, 1822029370L, -1082459280L, 
1229445180L, -1255596268L, 127038914L, 1053874912L, 1746945916L, 
1611615952L, -2011563870L, -897229784L, 1556456716L, 1431939004L, 
1970366770L, 562178496L, -1040029132L, 622595016L, -1480124230L, 
-564753784L, 421949350L, 736454483L, 1070823605L, 262592018L, 
-725711904L, -914016695L, 2036909179L, -186981044L, -1111404326L, 
891453647L, 179379353L, 1038885038L, 904994236L, -1493187027L, 
-1689722409L, -114055136L, 556387710L, -450546869L, 361773389L, 
-1393952902L, -1641793096L, -1613018271L, -549565677L, -1281916108L, 
162922818L, 1952175447L, 163754145L, -1059399322L, -2033087644L, 
1370530453L, 51200959L, 1362122584L, 1789881718L, 1075539843L, 
1458009541L, -2021635358L, 169816912L, -473166215L, 984404395L, 
-1202411748L, 520384586L, -473148353L, 1827411081L, 1288315038L, 
-2128130740L, -959079139L, 1586837671L, 1507252176L, 1409400686L, 
2971163L, 387735421L, 183887210L, -1140892664L, -1218886479L, 
849732387L, -1837330396L, 195928786L, 882976551L, -925116047L, 
1263173558L, 2012296020L, 1919786469L, 910608367L, -2022529240L, 
-1117675642L, -1981592653L, 1447328533L, -888302222L, 981117376L, 
1323321897L, 280702619L, 1988794220L, -361697414L, -662816593L, 
792482745L, -1293158962L, -1112678116L, 41755789L, 799107319L, 
1987961856L, -952342946L, 1330919723L, 1818970669L, -1031202150L, 
585909848L, -812537407L, 443831923L, 128226196L, 22350370L, -505105097L, 
1508553729L, 1501247750L, 1642679620L, 1164701813L, -1354636833L, 
1390988600L, 1876688662L, 1035345699L, 1396612325L, 1056942338L, 
-1632572560L, -831487207L, 723489547L, 328376316L, -1634296790L, 
-611659681L, -23898135L, -2075092738L, 1788692716L, 1342393405L, 
-107184121L, -574964752L, -1318529138L, 1957406139L, -1903336547L, 
-134489782L, -574901912L, 1651210065L, 1608754243L, 340315460L, 
1357622770L, -1943476281L, -637802095L, -965018346L, 289367412L, 
1207641093L, -65436593L, -739469240L, -1916072474L, -2109070573L, 
606352501L, -1114124718L, -1920341856L, 242229641L, -1084296773L, 
998321676L, -565545062L, -988627185L, 1324746073L, 996540398L, 
-791820676L, 1807372013L, -1783416425L, 1843901024L, 266684478L, 
